No files changed, compilation skipped

╭----------------------------------------------------------------------------------+------------------+-------------------+--------------------+---------------------╮
| Contract                                                                         | Runtime Size (B) | Initcode Size (B) | Runtime Margin (B) | Initcode Margin (B) |
+====================================================================================================================================================================+
| Address                                                                          | 57               | 85                | 24,519             | 49,067              |
|----------------------------------------------------------------------------------+------------------+-------------------+--------------------+---------------------|
| AddressRequests                                                                  | 576              | 602               | 24,000             | 48,550              |
|----------------------------------------------------------------------------------+------------------+-------------------+--------------------+---------------------|
| BurnerRouter                                                                     | 5,480            | 5,665             | 19,096             | 43,487              |
|----------------------------------------------------------------------------------+------------------+-------------------+--------------------+---------------------|
| BurnerRouterFactory                                                              | 1,388            | 1,515             | 23,188             | 47,637              |
|----------------------------------------------------------------------------------+------------------+-------------------+--------------------+---------------------|
| Checkpoints (lib/core/src/contracts/libraries/Checkpoints.sol)                   | 57               | 85                | 24,519             | 49,067              |
|----------------------------------------------------------------------------------+------------------+-------------------+--------------------+---------------------|
| Checkpoints (lib/openzeppelin-contracts/contracts/utils/structs/Checkpoints.sol) | 57               | 85                | 24,519             | 49,067              |
|----------------------------------------------------------------------------------+------------------+-------------------+--------------------+---------------------|
| Clones                                                                           | 57               | 85                | 24,519             | 49,067              |
|----------------------------------------------------------------------------------+------------------+-------------------+--------------------+---------------------|
| DelegatorFactory                                                                 | 2,261            | 2,467             | 22,315             | 46,685              |
|----------------------------------------------------------------------------------+------------------+-------------------+--------------------+---------------------|
| ECDSA                                                                            | 57               | 85                | 24,519             | 49,067              |
|----------------------------------------------------------------------------------+------------------+-------------------+--------------------+---------------------|
| ERC1967Proxy                                                                     | 130              | 689               | 24,446             | 48,463              |
|----------------------------------------------------------------------------------+------------------+-------------------+--------------------+---------------------|
| ERC1967Utils                                                                     | 57               | 85                | 24,519             | 49,067              |
|----------------------------------------------------------------------------------+------------------+-------------------+--------------------+---------------------|
| ERC4626Math                                                                      | 57               | 85                | 24,519             | 49,067              |
|----------------------------------------------------------------------------------+------------------+-------------------+--------------------+---------------------|
| ETHx_Burner                                                                      | 3,103            | 3,684             | 21,473             | 45,468              |
|----------------------------------------------------------------------------------+------------------+-------------------+--------------------+---------------------|
| EnumerableSet                                                                    | 57               | 85                | 24,519             | 49,067              |
|----------------------------------------------------------------------------------+------------------+-------------------+--------------------+---------------------|
| Factory                                                                          | 2,261            | 2,467             | 22,315             | 46,685              |
|----------------------------------------------------------------------------------+------------------+-------------------+--------------------+---------------------|
| FeeOnTransferToken                                                               | 1,748            | 2,695             | 22,828             | 46,457              |
|----------------------------------------------------------------------------------+------------------+-------------------+--------------------+---------------------|
| FullRestakeDelegator                                                             | 10,991           | 11,453            | 13,585             | 37,699              |
|----------------------------------------------------------------------------------+------------------+-------------------+--------------------+---------------------|
| Math                                                                             | 57               | 85                | 24,519             | 49,067              |
|----------------------------------------------------------------------------------+------------------+-------------------+--------------------+---------------------|
| MessageHashUtils                                                                 | 57               | 85                | 24,519             | 49,067              |
|----------------------------------------------------------------------------------+------------------+-------------------+--------------------+---------------------|
| MetadataService                                                                  | 1,286            | 1,419             | 23,290             | 47,733              |
|----------------------------------------------------------------------------------+------------------+-------------------+--------------------+---------------------|
| MigratableEntityProxy                                                            | 808              | 1,475             | 23,768             | 47,677              |
|----------------------------------------------------------------------------------+------------------+-------------------+--------------------+---------------------|
| MigratablesFactory                                                               | 4,423            | 4,629             | 20,153             | 44,523              |
|----------------------------------------------------------------------------------+------------------+-------------------+--------------------+---------------------|
| NetworkMiddlewareService                                                         | 599              | 732               | 23,977             | 48,420              |
|----------------------------------------------------------------------------------+------------------+-------------------+--------------------+---------------------|
| NetworkRegistry                                                                  | 577              | 603               | 23,999             | 48,549              |
|----------------------------------------------------------------------------------+------------------+-------------------+--------------------+---------------------|
| NetworkRestakeDelegator                                                          | 11,476           | 11,938            | 13,100             | 37,214              |
|----------------------------------------------------------------------------------+------------------+-------------------+--------------------+---------------------|
| OperatorRegistry                                                                 | 577              | 603               | 23,999             | 48,549              |
|----------------------------------------------------------------------------------+------------------+-------------------+--------------------+---------------------|
| OperatorSpecificDelegator                                                        | 10,379           | 10,874            | 14,197             | 38,278              |
|----------------------------------------------------------------------------------+------------------+-------------------+--------------------+---------------------|
| OptInService                                                                     | 6,048            | 7,301             | 18,528             | 41,851              |
|----------------------------------------------------------------------------------+------------------+-------------------+--------------------+---------------------|
| Oracle                                                                           | 416              | 442               | 24,160             | 48,710              |
|----------------------------------------------------------------------------------+------------------+-------------------+--------------------+---------------------|
| SafeCast                                                                         | 57               | 85                | 24,519             | 49,067              |
|----------------------------------------------------------------------------------+------------------+-------------------+--------------------+---------------------|
| SafeERC20                                                                        | 57               | 85                | 24,519             | 49,067              |
|----------------------------------------------------------------------------------+------------------+-------------------+--------------------+---------------------|
| SelfDestruct                                                                     | 57               | 3                 | 24,519             | 49,149              |
|----------------------------------------------------------------------------------+------------------+-------------------+--------------------+---------------------|
| ShortStrings                                                                     | 57               | 85                | 24,519             | 49,067              |
|----------------------------------------------------------------------------------+------------------+-------------------+--------------------+---------------------|
| SignatureChecker                                                                 | 57               | 85                | 24,519             | 49,067              |
|----------------------------------------------------------------------------------+------------------+-------------------+--------------------+---------------------|
| SignedMath                                                                       | 57               | 85                | 24,519             | 49,067              |
|----------------------------------------------------------------------------------+------------------+-------------------+--------------------+---------------------|
| Slasher                                                                          | 7,498            | 7,887             | 17,078             | 41,265              |
|----------------------------------------------------------------------------------+------------------+-------------------+--------------------+---------------------|
| SlasherFactory                                                                   | 2,261            | 2,467             | 22,315             | 46,685              |
|----------------------------------------------------------------------------------+------------------+-------------------+--------------------+---------------------|
| StorageSlot                                                                      | 57               | 85                | 24,519             | 49,067              |
|----------------------------------------------------------------------------------+------------------+-------------------+--------------------+---------------------|
| Strings                                                                          | 57               | 85                | 24,519             | 49,067              |
|----------------------------------------------------------------------------------+------------------+-------------------+--------------------+---------------------|
| Subnetwork                                                                       | 57               | 85                | 24,519             | 49,067              |
|----------------------------------------------------------------------------------+------------------+-------------------+--------------------+---------------------|
| SymbioticBurnersConstants                                                        | 57               | 85                | 24,519             | 49,067              |
|----------------------------------------------------------------------------------+------------------+-------------------+--------------------+---------------------|
| SymbioticCoreConstants                                                           | 57               | 85                | 24,519             | 49,067              |
|----------------------------------------------------------------------------------+------------------+-------------------+--------------------+---------------------|
| SymbioticCounter                                                                 | 57               | 81                | 24,519             | 49,071              |
|----------------------------------------------------------------------------------+------------------+-------------------+--------------------+---------------------|
| Time                                                                             | 57               | 85                | 24,519             | 49,067              |
|----------------------------------------------------------------------------------+------------------+-------------------+--------------------+---------------------|
| Token                                                                            | 1,637            | 2,584             | 22,939             | 46,568              |
|----------------------------------------------------------------------------------+------------------+-------------------+--------------------+---------------------|
| UintRequests                                                                     | 559              | 585               | 24,017             | 48,567              |
|----------------------------------------------------------------------------------+------------------+-------------------+--------------------+---------------------|
| Vault                                                                            | 18,978           | 19,339            | 5,598              | 29,813              |
|----------------------------------------------------------------------------------+------------------+-------------------+--------------------+---------------------|
| VaultConfigurator                                                                | 1,709            | 1,923             | 22,867             | 47,229              |
|----------------------------------------------------------------------------------+------------------+-------------------+--------------------+---------------------|
| VaultFactory                                                                     | 4,423            | 4,629             | 20,153             | 44,523              |
|----------------------------------------------------------------------------------+------------------+-------------------+--------------------+---------------------|
| VetoSlasher                                                                      | 11,740           | 12,160            | 12,836             | 36,992              |
|----------------------------------------------------------------------------------+------------------+-------------------+--------------------+---------------------|
| mETH_Burner                                                                      | 1,966            | 2,391             | 22,610             | 46,761              |
|----------------------------------------------------------------------------------+------------------+-------------------+--------------------+---------------------|
| rETH_Burner                                                                      | 485              | 617               | 24,091             | 48,535              |
|----------------------------------------------------------------------------------+------------------+-------------------+--------------------+---------------------|
| sUSDe_Burner                                                                     | 4,797            | 5,770             | 19,779             | 43,382              |
|----------------------------------------------------------------------------------+------------------+-------------------+--------------------+---------------------|
| sUSDe_Miniburner                                                                 | 1,276            | 1,720             | 23,300             | 47,432              |
|----------------------------------------------------------------------------------+------------------+-------------------+--------------------+---------------------|
| sfrxETH_Burner                                                                   | 2,006            | 2,339             | 22,570             | 46,813              |
|----------------------------------------------------------------------------------+------------------+-------------------+--------------------+---------------------|
| swETH_Burner                                                                     | 2,567            | 2,899             | 22,009             | 46,253              |
|----------------------------------------------------------------------------------+------------------+-------------------+--------------------+---------------------|
| wstETH_Burner                                                                    | 3,340            | 4,014             | 21,236             | 45,138              |
╰----------------------------------------------------------------------------------+------------------+-------------------+--------------------+---------------------╯

